Введите кол-во точек (N): 10
Кол-во классов (K): 3

     0.00000000      0.00000000 0
     0.04777293      0.10031663 0
     0.17252709      0.14006112 0
     0.32397930      0.07841252 0
     0.43495809     -0.09133632 0
     0.44178892     -0.33684496 0
     0.30484842     -0.59288438 0
     0.02370420     -0.77741648 0
    -0.35754724     -0.81380798 0
    -0.75680250     -0.65364362 0

    -0.00000000     -0.00000000 1
    -0.10714635     -0.02941665 1
    -0.21876984      0.03901888 1
    -0.27110980      0.19393450 1
    -0.21518403      0.38887877 1
    -0.03384741      0.55452351 1
     0.24943415      0.61824514 1
     0.57285664      0.52609272 1
     0.84960038      0.26134775 1
     0.98935825     -0.14550003 1

     0.00000000     -0.00000000 2
     0.09229812     -0.06186061 2
     0.11346793     -0.19107000 2
     0.03043908     -0.33194062 2
    -0.15365076     -0.41703994 2
    -0.39754064     -0.38807656 2
    -0.63093050     -0.21533960 2
    -0.77259237      0.08966218 2
    -0.75312450      0.47215140 2
    -0.53657292      0.84385396 2

[[ 0.          0.        ]
 [ 0.04777293  0.10031663]
 [ 0.17252709  0.14006112]
 [ 0.3239793   0.07841252]
 [ 0.43495809 -0.09133632]
 [ 0.44178892 -0.33684496]
 [ 0.30484842 -0.59288438]
 [ 0.0237042  -0.77741648]
 [-0.35754724 -0.81380798]
 [-0.7568025  -0.65364362]
 [-0.         -0.        ]
 [-0.10714635 -0.02941665]
 [-0.21876984  0.03901888]
 [-0.2711098   0.1939345 ]
 [-0.21518403  0.38887877]
 [-0.03384741  0.55452351]
 [ 0.24943415  0.61824514]
 [ 0.57285664  0.52609272]
 [ 0.84960038  0.26134775]
 [ 0.98935825 -0.14550003]
 [ 0.         -0.        ]
 [ 0.09229812 -0.06186061]
 [ 0.11346793 -0.19107   ]
 [ 0.03043908 -0.33194062]
 [-0.15365076 -0.41703994]
 [-0.39754064 -0.38807656]
 [-0.6309305  -0.2153396 ]
 [-0.77259237  0.08966218]
 [-0.7531245   0.4721514 ]
 [-0.53657292  0.84385396]]

0.00000000000000000 + 0.017023608426448910 = 0.017023608426448910
0,44444444444444442 + 0,27860463543069941  = 0.72304907987514389

https://stackoverflow.com/questions/65871948/same-random-numbers-in-c-as-computed-by-python3-numpy-random-rand

https://learn.microsoft.com/ru-ru/cpp/standard-library/random?view=msvc-170

